2.500000000000007550e+00
2.500000000000147438e+00
2.499999999999819700e+00
2.499999999999760192e+00
2.500000000000596856e+00
2.499999999999916955e+00
2.500000000000128342e+00
2.499999999999888090e+00
2.500000000000147438e+00
2.499999999999930278e+00
2.500000000000521361e+00
2.500000000000039080e+00
2.499999999999630074e+00
2.499999999999908518e+00
2.499999999999913403e+00
2.499999999999666933e+00
2.499999999999710898e+00
2.500000000000252243e+00
2.499999999999933831e+00
2.499999999999872990e+00
2.500000000000227818e+00
2.499999999999941380e+00
2.499999999999648725e+00
2.499999999999522604e+00
2.500000000000189182e+00
2.500000000000483613e+00
2.499999999999652278e+00
2.500000000000155431e+00
2.499999999999645617e+00
2.499999999999916511e+00
2.500000000000658584e+00
2.499999999999850342e+00
2.500000000000910827e+00
2.499999999999773959e+00
2.499999999999751754e+00
2.500000000000044853e+00
2.499999999999915179e+00
2.500000000000268230e+00
2.499999999999936939e+00
2.499999999999812594e+00
2.499999999999618971e+00
2.499999999999978684e+00
2.500000000000305533e+00
2.500000000000002665e+00
2.500000000000466294e+00
2.500000000000378808e+00
2.499999999999806377e+00
2.499999999999716227e+00
2.500000000000128786e+00
2.499999999999574118e+00
2.499999999999787725e+00
2.500000000000245581e+00
2.500000000000026201e+00
2.500000000000083933e+00
2.499999999999962697e+00
2.500000000000384581e+00
2.499999999999729106e+00
2.500000000000130118e+00
2.500000000000013767e+00
2.500000000000548006e+00
2.500000000000445866e+00
2.500000000000276668e+00
2.499999999999749978e+00
2.500000000000263789e+00
2.499999999999978684e+00
2.499999999999801048e+00
2.500000000000428546e+00
2.499999999999992895e+00
2.500000000000088818e+00
2.500000000000170530e+00
2.500000000000372591e+00
2.499999999999489297e+00
2.499999999999736655e+00
2.499999999999433786e+00
2.499999999999703348e+00
2.500000000000392131e+00
2.499999999999992450e+00
2.499999999999864997e+00
2.499999999999924949e+00
2.499999999999647837e+00
2.500000000000239364e+00
2.500000000000091482e+00
2.500000000000115019e+00
2.499999999999385381e+00
2.499999999999654055e+00
2.499999999999868994e+00
2.499999999999647837e+00
2.499999999999950262e+00
2.500000000000135891e+00
2.500000000000200284e+00
2.500000000000178080e+00
2.499999999999972466e+00
2.500000000000035527e+00
2.500000000000066613e+00
2.500000000000220712e+00
2.500000000000050182e+00
2.499999999999861888e+00
2.499999999999837019e+00
2.499999999999990674e+00
2.499999999999989786e+00
