1.238777091216782310e+03
1.267937646565188516e+03
1.270064455906289822e+03
1.261813006858516019e+03
1.354362619540745527e+03
1.176442733941156121e+03
1.275478138623817131e+03
1.217447814906395251e+03
1.203210922636329087e+03
1.327667037821504437e+03
1.181117803906178096e+03
1.136491431588784963e+03
1.276304309432183345e+03
1.148116704396911246e+03
1.217654712229731103e+03
1.202917454981427454e+03
1.400295533106622315e+03
1.237930886888530267e+03
1.197974644327699480e+03
1.138281514337175395e+03
1.069925174055540538e+03
1.259704236005197117e+03
1.144443928648048768e+03
1.192638455918082400e+03
1.307519843723158829e+03
1.251259296254594574e+03
1.251778244548213024e+03
1.254408360156357276e+03
1.151568335113170860e+03
1.299420821810030702e+03
1.132930343831223126e+03
1.233969882648420480e+03
1.182933247686255072e+03
1.179344041498361094e+03
1.202226539133515871e+03
1.197717386694117522e+03
1.298448313572820325e+03
1.345987641132722274e+03
1.264704992567047611e+03
1.266030088966717813e+03
1.223502198043910539e+03
1.138774855683685018e+03
1.174615132994597388e+03
1.294849608781843017e+03
1.294465471092485359e+03
1.233711087561941895e+03
1.168234215548412067e+03
1.256395079586189240e+03
1.249631119332556182e+03
1.235031482708053318e+03
1.248635718135368734e+03
1.158131793387592325e+03
1.177931037502479739e+03
1.271910754235668719e+03
1.298874039800161427e+03
1.208068299014917102e+03
1.297927849384067258e+03
1.307006028907070004e+03
1.223223313725521166e+03
1.295103915281701347e+03
1.146827994540159125e+03
1.218170114854580561e+03
1.373506483330314722e+03
1.237849948518225347e+03
1.281038122204149886e+03
1.273996613531748835e+03
1.232451400453381211e+03
1.327792683668104246e+03
1.121350403425004743e+03
1.340154141745558718e+03
1.257087673851301361e+03
1.342368042653899920e+03
1.353866784260089389e+03
1.358412494745516142e+03
1.247730950391704710e+03
1.264470518739130057e+03
1.237082596161180618e+03
1.143512259940766626e+03
1.356419912336411699e+03
1.238840713685142873e+03
1.309448093601633900e+03
1.348543076737517822e+03
1.212336784856850727e+03
1.276253961944310049e+03
1.389109697620951920e+03
1.390706548080060657e+03
1.311165254921266751e+03
1.271922023637627262e+03
1.258501967066133602e+03
1.183345736804338230e+03
1.208758006583037968e+03
1.224741050417180304e+03
1.214972088110679579e+03
1.286099668241942254e+03
1.293179836856799739e+03
1.420699694374084629e+03
1.389202338852417597e+03
1.264826070421229588e+03
1.111862507758806260e+03
1.241073542807583635e+03
