2.5
2.5
2.5
2.5
2.5000000000000004
2.5
2.5
2.5
2.5
2.4999999999999996
2.5
2.4999999999999996
2.5
2.5
2.5
2.5
2.5
2.4999999999999996
2.499999999999999
2.5
2.5
2.5
2.5
2.5
2.5
2.5000000000000004
2.4999999999999996
2.5
2.5
2.500000000000001
2.5000000000000004
2.5
2.5000000000000004
2.5
2.5
2.5000000000000004
2.5
2.5
2.5
2.4999999999999996
2.5
2.5
2.5
2.5
2.5
2.5
2.4999999999999996
2.5
2.5
2.5
2.5
2.5000000000000004
2.5
2.5
2.4999999999999996
2.5
2.5
2.5
2.4999999999999996
2.5
2.5
2.5
2.5
2.5
2.5
2.5
2.5
2.5
2.4999999999999996
2.5000000000000004
2.5
2.5
2.4999999999999996
2.5
2.5
2.5
2.5
2.5
2.5
2.5
2.5
2.5
2.5
2.5
2.5
2.5
2.5
2.5
2.5000000000000004
2.5
2.5
2.5
2.4999999999999996
2.5
2.5000000000000004
2.4999999999999996
2.4999999999999996
2.5
2.5
2.5
