1346.8544444614815
1220.4107943117388
1494.689428752076
1406.19609850473
1325.3974319165545
1220.910418329367
1160.558339398199
1407.976599695982
1448.4941152411225
1409.8337131960857
1164.08135513364
1264.0963618400506
1301.2810020504255
1235.6459383889242
1401.0798861663775
1005.4762592791561
1296.2429940471145
1305.5946444092729
1463.8905495771517
1250.8874754517303
1296.1340087433534
1232.4368707280416
986.7886787365978
1101.703009666273
1220.981336744512
1045.1428872516324
1194.323860025874
1362.9763947904191
1305.07731613011
1165.1142723231565
1220.1137901876448
1165.9744091354528
1132.9291182186569
1191.1458406696659
1066.6348754998887
1375.4561383902644
777.8610660546278
1295.0024124795634
1237.8163349775095
1007.5031077579192
835.2832561691324
1377.480393039929
1351.7880801748436
1341.5609949455063
1620.9257324155724
1235.5773456793404
1082.2315588722831
1226.3181765788781
1347.3104923372578
1101.5594445447075
878.7859719208359
1300.4540552668518
1322.9332899785793
1323.0835342364092
1206.3743181326124
1292.8829812408817
1101.1277570284485
1145.4533239819136
1188.5671355750292
1127.2307289119426
1342.8037310958018
1128.7052660162426
1022.7369947897076
998.5632279757407
1341.7607107991598
1166.4378522246486
1120.1059705009156
1226.859902539022
1348.5121960690485
1258.090447215577
992.0669600566819
1298.5080737984167
1276.775871613777
1017.6911611679949
1143.4414405994753
1368.0862581195613
1215.3586138418548
1270.4241515947967
1113.02480074042
1383.8408957256147
1294.3320761778302
1329.0838899419646
1396.0399093068331
1149.2871431145393
976.8633562773144
1374.8924492134804
1537.198126613348
1209.265324906262
1069.8069712263036
1132.7008726308038
1212.9090221351423
1067.4721606132846
1425.1710182530983
1338.4748726920204
1210.2494352240672
1521.3575754123126
1235.7589410737705
1306.499960823413
1228.0324683479935
1150.0607357513923
